[100,1]	25
[100,2]	16
[100,3]	24
[101,1]	16
[101,2]	29
[101,3]	21
[102,1]	24
[102,2]	24
[102,3]	24
[103,1]	27
[103,2]	23
[103,3]	32
[104,1]	31
[104,2]	23
[104,3]	25
[105,1]	28
[105,2]	22
[105,3]	24
[106,1]	37
[106,2]	28
[106,3]	35
[107,1]	26
[107,2]	24
[107,3]	23
[108,1]	27
[108,2]	20
[108,3]	22
[109,1]	31
[109,2]	19
[109,3]	29
[110,1]	25
[110,2]	24
[110,3]	29
[111,1]	32
[111,2]	25
[111,3]	35
[112,1]	18
[112,2]	26
[112,3]	32
[113,1]	23
[113,2]	28
[113,3]	24
[114,1]	31
[114,2]	16
[114,3]	25
[115,1]	21
[115,2]	28
[115,3]	28
[116,1]	31
[116,2]	33
[116,3]	23
[117,1]	21
[117,2]	18
[117,3]	28
[118,1]	26
[118,2]	33
[118,3]	30
[119,1]	23
[119,2]	28
[119,3]	27
[120,1]	25
[120,2]	29
[120,3]	33
[121,1]	23
[121,2]	35
[121,3]	36
[122,1]	18
[122,2]	25
[122,3]	25
[123,1]	22
[123,2]	30
[123,3]	22
[124,1]	34
[124,2]	23
[124,3]	29
[125,1]	28
[125,2]	23
[125,3]	31
[126,1]	23
[126,2]	21
[126,3]	20
[127,1]	25
[127,2]	34
[127,3]	28
[128,1]	27
[128,2]	28
[128,3]	37
[129,1]	24
[129,2]	28
[129,3]	29
[130,1]	22
[130,2]	31
[130,3]	35
[131,1]	25
[131,2]	19
[131,3]	25
[132,1]	17
[132,2]	25
[132,3]	25
[133,1]	30
[133,2]	20
[133,3]	25
[134,1]	20
[134,2]	29
[134,3]	25
[135,1]	28
[135,2]	29
[135,3]	24
[136,1]	27
[136,2]	28
[136,3]	26
[137,1]	25
[137,2]	29
[137,3]	20
[138,1]	23
[138,2]	22
[138,3]	28
[139,1]	28
[139,2]	37
[139,3]	27
[140,1]	21
[140,2]	32
[140,3]	26
[141,1]	29
[141,2]	30
[141,3]	26
[142,1]	34
[142,2]	27
[142,3]	23
[143,1]	22
[143,2]	24
[143,3]	40
[144,1]	32
[144,2]	30
[144,3]	23
[145,1]	28
[145,2]	17
[145,3]	28
[146,1]	22
[146,2]	22
[146,3]	19
[147,1]	24
[147,2]	24
[147,3]	20
[148,1]	34
[148,2]	22
[148,3]	22
[149,1]	20
[149,2]	35
[149,3]	36
[150,1]	31
[150,2]	20
[150,3]	29
[151,1]	30
[151,2]	24
[151,3]	27
[152,1]	30
[152,2]	25
[152,3]	25
[153,1]	16
[153,2]	25
[153,3]	34
[154,1]	37
[154,2]	34
[154,3]	29
[155,1]	22
[155,2]	20
[155,3]	26
[156,1]	22
[156,2]	34
[156,3]	22
[157,1]	18
[157,2]	33
[157,3]	32
[158,1]	23
[158,2]	37
[158,3]	17
[159,1]	18
[159,2]	32
[159,3]	29
[160,1]	31
[160,2]	35
[160,3]	31
[161,1]	18
[161,2]	25
[161,3]	24
[162,1]	31
[162,2]	29
[162,3]	29
[163,1]	26
[163,2]	29
[163,3]	20
[164,1]	28
[164,2]	35
[164,3]	25
[165,1]	29
[165,2]	31
[165,3]	35
[166,1]	26
[166,2]	24
[166,3]	27
[167,1]	23
[167,2]	20
[167,3]	29
[168,1]	28
[168,2]	27
[168,3]	31
[169,1]	30
[169,2]	28
[169,3]	25
[170,1]	17
[170,2]	32
[170,3]	24
[171,1]	31
[171,2]	18
[171,3]	30
[172,1]	27
[172,2]	28
[172,3]	23
[173,1]	17
[173,2]	28
[173,3]	29
[174,1]	35
[174,2]	29
[174,3]	33
[175,1]	30
[175,2]	23
[175,3]	23
[176,1]	28
[176,2]	23
[176,3]	28
[177,1]	26
[177,2]	29
[177,3]	28
[178,1]	19
[178,2]	28
[178,3]	18
[179,1]	13
[179,2]	25
[179,3]	27
[180,1]	23
[180,2]	25
[180,3]	31
[181,1]	29
[181,2]	28
[181,3]	42
[182,1]	35
[182,2]	30
[182,3]	22
[183,1]	30
[183,2]	28
[183,3]	26
[184,1]	36
[184,2]	25
[184,3]	26
[185,1]	25
[185,2]	33
[185,3]	26
[186,1]	31
[186,2]	21
[186,3]	26
[187,1]	19
[187,2]	32
[187,3]	37
[188,1]	20
[188,2]	26
[188,3]	21
[189,1]	32
[189,2]	27
[189,3]	33
[190,1]	29
[190,2]	24
[190,3]	28
[191,1]	16
[191,2]	34
[191,3]	23
[192,1]	23
[192,2]	20
[192,3]	23
[193,1]	16
[193,2]	24
[193,3]	26
[194,1]	30
[194,2]	32
[194,3]	20
[195,1]	33
[195,2]	26
[195,3]	24
[196,1]	22
[196,2]	34
[196,3]	28
[197,1]	34
[197,2]	20
[197,3]	29
[198,1]	24
[198,2]	24
[198,3]	28
[199,1]	25
[199,2]	33
[199,3]	24
[200,1]	23
[200,2]	18
[200,3]	25
[201,1]	27
[201,2]	30
[201,3]	22
[202,1]	32
[202,2]	37
[202,3]	21
[203,1]	24
[203,2]	24
[203,3]	32
[204,1]	28
[204,2]	26
[204,3]	29
[205,1]	26
[205,2]	31
[205,3]	37
[206,1]	21
[206,2]	29
[206,3]	25
[207,1]	21
[207,2]	21
[207,3]	21
[208,1]	25
[208,2]	23
[208,3]	21
[209,1]	28
[209,2]	20
[209,3]	21
[210,1]	24
[210,2]	18
[210,3]	21
[211,1]	35
[211,2]	35
[211,3]	22
[212,1]	27
[212,2]	26
[212,3]	20
[213,1]	26
[213,2]	31
[213,3]	26
[214,1]	37
[214,2]	33
[214,3]	23
[215,1]	35
[215,2]	19
[215,3]	33
[216,1]	34
[216,2]	22
[216,3]	30
[217,1]	27
[217,2]	24
[217,3]	20
[218,1]	24
[218,2]	37
[218,3]	30
[219,1]	32
[219,2]	25
[219,3]	27
[220,1]	18
[220,2]	25
[220,3]	15
[221,1]	20
[221,2]	24
[221,3]	26
[222,1]	30
[222,2]	24
[222,3]	21
[223,1]	33
[223,2]	31
[223,3]	29
[224,1]	26
[224,2]	20
[224,3]	31
[225,1]	25
[225,2]	34
[225,3]	31
[226,1]	31
[226,2]	26
[226,3]	31
[227,1]	22
[227,2]	25
[227,3]	29
[228,1]	29
[228,2]	27
[228,3]	31
[229,1]	20
[229,2]	25
[229,3]	23
[230,1]	24
[230,2]	23
[230,3]	26
[231,1]	29
[231,2]	24
[231,3]	23
[232,1]	22
[232,2]	26
[232,3]	17
[233,1]	37
[233,2]	22
[233,3]	26
[234,1]	27
[234,2]	26
[234,3]	26
[235,1]	20
[235,2]	29
[235,3]	37
[236,1]	26
[236,2]	25
[236,3]	21
[237,1]	26
[237,2]	18
[237,3]	25
[238,1]	29
[238,2]	31
[238,3]	24
[239,1]	25
[239,2]	18
[239,3]	26
[240,1]	23
[240,2]	24
[240,3]	26
[241,1]	24
[241,2]	27
[241,3]	14
[242,1]	32
[242,2]	24
[242,3]	30
[243,1]	29
[243,2]	21
[243,3]	23
[244,1]	31
[244,2]	26
[244,3]	20
[245,1]	22
[245,2]	24
[245,3]	25
[246,1]	30
[246,2]	23
[246,3]	25
[247,1]	22
[247,2]	27
[247,3]	29
[248,1]	33
[248,2]	24
[248,3]	23
[249,1]	30
[249,2]	33
[249,3]	32
[250,1]	28
[250,2]	33
[250,3]	25
[251,1]	27
[251,2]	30
[251,3]	24
[252,1]	25
[252,2]	30
[252,3]	36
[253,1]	28
[253,2]	30
[253,3]	27
[254,1]	33
[254,2]	33
[254,3]	26
[255,1]	27
[255,2]	18
[255,3]	23
[256,1]	32
[256,2]	27
[256,3]	22
[257,1]	29
[257,2]	29
[257,3]	28
[258,1]	27
[258,2]	21
[258,3]	33
[259,1]	20
[259,2]	20
[259,3]	24
[260,1]	26
[260,2]	26
[260,3]	30
[261,1]	25
[261,2]	31
[261,3]	25
[262,1]	22
[262,2]	27
[262,3]	22
[263,1]	28
[263,2]	30
[263,3]	26
[264,1]	36
[264,2]	23
[264,3]	19
[265,1]	24
[265,2]	24
[265,3]	23
[266,1]	22
[266,2]	29
[266,3]	23
[267,1]	22
[267,2]	32
[267,3]	25
[268,1]	32
[268,2]	38
[268,3]	33
[269,1]	23
[269,2]	22
[269,3]	22
[270,1]	20
[270,2]	26
[270,3]	23
[271,1]	27
[271,2]	26
[271,3]	31
[272,1]	32
[272,2]	27
[272,3]	29
[273,1]	20
[273,2]	31
[273,3]	33
[274,1]	24
[274,2]	23
[274,3]	16
[275,1]	31
[275,2]	24
[275,3]	21
[276,1]	24
[276,2]	40
[276,3]	26
[277,1]	12
[277,2]	18
[277,3]	32
[278,1]	31
[278,2]	37
[278,3]	30
[279,1]	25
[279,2]	32
[279,3]	20
[280,1]	29
[280,2]	26
[280,3]	23
[281,1]	30
[281,2]	26
[281,3]	28
[282,1]	26
[282,2]	23
[282,3]	22
[283,1]	17
[283,2]	39
[283,3]	24
[284,1]	36
[284,2]	24
[284,3]	25
[285,1]	22
[285,2]	29
[285,3]	31
[286,1]	20
[286,2]	35
[286,3]	20
[287,1]	29
[287,2]	29
[287,3]	28
[288,1]	25
[288,2]	18
[288,3]	26
[289,1]	25
[289,2]	31
[289,3]	18
[290,1]	26
[290,2]	34
[290,3]	23
[291,1]	31
[291,2]	17
[291,3]	19
[292,1]	39
[292,2]	30
[292,3]	29
[293,1]	25
[293,2]	30
[293,3]	33
[294,1]	26
[294,2]	17
[294,3]	24
[295,1]	25
[295,2]	27
[295,3]	38
[296,1]	22
[296,2]	33
[296,3]	36
[297,1]	22
[297,2]	28
[297,3]	26
[298,1]	20
[298,2]	24
[298,3]	21
[299,1]	27
[299,2]	33
[299,3]	24
[300,1]	27
[300,2]	22
[300,3]	25
[301,1]	31
[301,2]	23
[301,3]	39
[302,1]	26
[302,2]	26
[302,3]	30
[303,1]	29
[303,2]	25
[303,3]	18
[304,1]	27
[304,2]	24
[304,3]	24
[305,1]	21
[305,2]	24
[305,3]	23
[306,1]	33
[306,2]	24
[306,3]	28
[307,1]	32
[307,2]	27
[307,3]	30
[308,1]	26
[308,2]	29
[308,3]	21
[309,1]	27
[309,2]	24
[309,3]	26
[310,1]	32
[310,2]	23
[310,3]	30
[311,1]	26
[311,2]	33
[311,3]	26
[312,1]	24
[312,2]	37
[312,3]	23
[313,1]	18
[313,2]	18
[313,3]	24
[314,1]	33
[314,2]	23
[314,3]	22
[315,1]	13
[315,2]	31
[315,3]	26
[316,1]	17
[316,2]	20
[316,3]	22
[317,1]	23
[317,2]	32
[317,3]	21
[318,1]	26
[318,2]	29
[318,3]	21
[319,1]	16
[319,2]	30
[319,3]	24
[320,1]	21
[320,2]	26
[320,3]	25
[321,1]	33
[321,2]	19
[321,3]	21
[322,1]	25
[322,2]	29
[322,3]	21
[323,1]	34
[323,2]	18
[323,3]	38
[324,1]	25
[324,2]	37
[324,3]	22
[325,1]	29
[325,2]	33
[325,3]	32
[326,1]	26
[326,2]	25
[326,3]	17
[327,1]	29
[327,2]	21
[327,3]	31
[328,1]	26
[328,2]	26
[328,3]	36
[329,1]	28
[329,2]	23
[329,3]	22
[330,1]	23
[330,2]	33
[330,3]	30
[331,1]	25
[331,2]	33
[331,3]	20
[332,1]	29
[332,2]	26
[332,3]	23
[333,1]	21
[333,2]	45
[333,3]	29
[334,1]	31
[334,2]	26
[334,3]	17
[335,1]	26
[335,2]	28
[335,3]	26
[336,1]	24
[336,2]	28
[336,3]	28
[337,1]	32
[337,2]	26
[337,3]	34
[338,1]	30
[338,2]	26
[338,3]	37
[339,1]	22
[339,2]	29
[339,3]	29
[340,1]	19
[340,2]	17
[340,3]	26
[341,1]	22
[341,2]	32
[341,3]	23
[342,1]	30
[342,2]	30
[342,3]	28
[343,1]	29
[343,2]	37
[343,3]	23
[344,1]	30
[344,2]	24
[344,3]	30
[345,1]	33
[345,2]	29
[345,3]	36
[346,1]	25
[346,2]	20
[346,3]	21
[347,1]	22
[347,2]	25
[347,3]	30
[348,1]	27
[348,2]	22
[348,3]	26
[349,1]	21
[349,2]	25
[349,3]	28
[350,1]	27
[350,2]	27
[350,3]	25
[351,1]	24
[351,2]	32
[351,3]	16
[352,1]	17
[352,2]	17
[352,3]	28
[353,1]	26
[353,2]	25
[353,3]	32
[354,1]	28
[354,2]	29
[354,3]	28
[355,1]	32
[355,2]	27
[355,3]	25
[356,1]	25
[356,2]	24
[356,3]	29
[357,1]	29
[357,2]	15
[357,3]	32
[358,1]	26
[358,2]	17
[358,3]	22
[359,1]	31
[359,2]	28
[359,3]	23
[360,1]	21
[360,2]	29
[360,3]	34
[361,1]	33
[361,2]	23
[361,3]	29
[362,1]	28
[362,2]	28
[362,3]	18
[363,1]	25
[363,2]	31
[363,3]	22
[364,1]	30
[364,2]	26
[364,3]	34
[365,1]	30
[365,2]	23
[365,3]	22
[366,1]	25
[366,2]	26
[366,3]	30
[367,1]	31
[367,2]	28
[367,3]	25
[368,1]	21
[368,2]	31
[368,3]	17
[369,1]	29
[369,2]	19
[369,3]	23
[370,1]	33
[370,2]	30
[370,3]	22
[371,1]	24
[371,2]	26
[371,3]	25
[372,1]	29
[372,2]	31
[372,3]	29
[373,1]	23
[373,2]	24
[373,3]	32
[374,1]	26
[374,2]	30
[374,3]	36
[375,1]	17
[375,2]	29
[375,3]	31
[376,1]	27
[376,2]	32
[376,3]	28
[377,1]	26
[377,2]	26
[377,3]	31
[378,1]	19
[378,2]	30
[378,3]	25
[379,1]	22
[379,2]	24
[379,3]	23
[380,1]	35
[380,2]	33
[380,3]	34
[381,1]	20
[381,2]	18
[381,3]	24
[382,1]	29
[382,2]	23
[382,3]	33
[383,1]	25
[383,2]	25
[383,3]	29
[384,1]	28
[384,2]	32
[384,3]	24
[385,1]	24
[385,2]	24
[385,3]	29
[386,1]	27
[386,2]	27
[386,3]	21
[387,1]	24
[387,2]	28
[387,3]	26
[388,1]	17
[388,2]	22
[388,3]	35
[389,1]	20
[389,2]	27
[389,3]	23
[390,1]	28
[390,2]	23
[390,3]	18
[391,1]	26
[391,2]	21
[391,3]	24
[392,1]	29
[392,2]	29
[392,3]	26
[393,1]	30
[393,2]	21
[393,3]	30
[394,1]	25
[394,2]	29
[394,3]	30
[395,1]	23
[395,2]	21
[395,3]	22
[396,1]	27
[396,2]	25
[396,3]	31
[397,1]	29
[397,2]	28
[397,3]	18
[398,1]	23
[398,2]	25
[398,3]	29
[399,1]	26
[399,2]	29
[399,3]	32
[400,1]	26
[400,2]	20
[400,3]	14
[401,1]	24
[401,2]	18
[401,3]	33
[402,1]	21
[402,2]	26
[402,3]	28
[403,1]	27
[403,2]	19
[403,3]	24
[404,1]	30
[404,2]	26
[404,3]	31
[405,1]	29
[405,2]	26
[405,3]	23
[406,1]	28
[406,2]	38
[406,3]	34
[407,1]	27
[407,2]	24
[407,3]	25
[408,1]	23
[408,2]	29
[408,3]	29
[409,1]	33
[409,2]	29
[409,3]	30
[410,1]	26
[410,2]	23
[410,3]	34
[411,1]	21
[411,2]	24
[411,3]	36
[412,1]	22
[412,2]	31
[412,3]	24
[413,1]	29
[413,2]	24
[413,3]	27
[414,1]	31
[414,2]	29
[414,3]	24
[415,1]	22
[415,2]	22
[415,3]	18
[416,1]	30
[416,2]	17
[416,3]	33
[417,1]	26
[417,2]	26
[417,3]	21
[418,1]	18
[418,2]	23
[418,3]	20
[419,1]	33
[419,2]	27
[419,3]	29
[420,1]	31
[420,2]	22
[420,3]	28
[421,1]	30
[421,2]	20
[421,3]	26
[422,1]	25
[422,2]	29
[422,3]	33
[423,1]	30
[423,2]	28
[423,3]	23
[424,1]	25
[424,2]	19
[424,3]	19
[425,1]	35
[425,2]	31
[425,3]	25
[426,1]	34
[426,2]	19
[426,3]	34
[427,1]	19
[427,2]	27
[427,3]	33
[428,1]	34
[428,2]	26
[428,3]	20
[429,1]	30
[429,2]	20
[429,3]	29
[430,1]	28
[430,2]	25
[430,3]	17
[431,1]	22
[431,2]	28
[431,3]	30
[432,1]	17
[432,2]	36
[432,3]	34
[433,1]	27
[433,2]	34
[433,3]	21
[434,1]	26
[434,2]	27
[434,3]	26
[435,1]	26
[435,2]	30
[435,3]	21
[436,1]	22
[436,2]	17
[436,3]	20
[437,1]	19
[437,2]	22
[437,3]	23
[438,1]	31
[438,2]	25
[438,3]	21
[439,1]	31
[439,2]	26
[439,3]	23
[440,1]	30
[440,2]	28
[440,3]	23
[441,1]	29
[441,2]	28
[441,3]	21
[442,1]	24
[442,2]	22
[442,3]	38
[443,1]	27
[443,2]	32
[443,3]	33
[444,1]	34
[444,2]	29
[444,3]	29
[445,1]	27
[445,2]	21
[445,3]	21
[446,1]	32
[446,2]	16
[446,3]	34
[447,1]	28
[447,2]	32
[447,3]	33
[448,1]	18
[448,2]	24
[448,3]	24
[449,1]	33
[449,2]	24
[449,3]	23
[450,1]	27
[450,2]	19
[450,3]	29
[451,1]	30
[451,2]	14
[451,3]	24
[452,1]	36
[452,2]	19
[452,3]	32
[453,1]	26
[453,2]	36
[453,3]	26
[454,1]	30
[454,2]	25
[454,3]	25
[455,1]	25
[455,2]	25
[455,3]	24
[456,1]	15
[456,2]	27
[456,3]	22
[457,1]	34
[457,2]	26
[457,3]	23
[458,1]	33
[458,2]	28
[458,3]	25
[459,1]	17
[459,2]	28
[459,3]	24
[460,1]	23
[460,2]	22
[460,3]	23
[461,1]	18
[461,2]	31
[461,3]	26
[462,1]	29
[462,2]	19
[462,3]	21
[463,1]	21
[463,2]	27
[463,3]	26
[464,1]	22
[464,2]	28
[464,3]	28
[465,1]	26
[465,2]	20
[465,3]	33
[466,1]	34
[466,2]	31
[466,3]	36
[467,1]	29
[467,2]	44
[467,3]	27
[468,1]	27
[468,2]	23
[468,3]	23
[469,1]	29
[469,2]	24
[469,3]	25
[470,1]	25
[470,2]	27
[470,3]	23
[471,1]	20
[471,2]	24
[471,3]	21
[472,1]	23
[472,2]	31
[472,3]	30
[473,1]	32
[473,2]	23
[473,3]	27
[474,1]	36
[474,2]	32
[474,3]	27
[475,1]	29
[475,2]	22
[475,3]	31
[476,1]	27
[476,2]	19
[476,3]	29
[477,1]	22
[477,2]	15
[477,3]	30
[478,1]	27
[478,2]	36
[478,3]	25
[479,1]	33
[479,2]	23
[479,3]	15
[480,1]	25
[480,2]	23
[480,3]	22
[481,1]	25
[481,2]	28
[481,3]	26
[482,1]	21
[482,2]	21
[482,3]	30
[483,1]	25
[483,2]	17
[483,3]	25
[484,1]	31
[484,2]	22
[484,3]	18
[485,1]	20
[485,2]	19
[485,3]	34
[486,1]	35
[486,2]	23
[486,3]	19
[487,1]	26
[487,2]	31
[487,3]	32
[488,1]	30
[488,2]	28
[488,3]	24
[489,1]	23
[489,2]	28
[489,3]	20
[490,1]	26
[490,2]	16
[490,3]	23
[491,1]	25
[491,2]	24
[491,3]	26
[492,1]	28
[492,2]	25
[492,3]	20
[493,1]	28
[493,2]	33
[493,3]	29
[494,1]	23
[494,2]	26
[494,3]	29
[495,1]	21
[495,2]	24
[495,3]	12
[496,1]	21
[496,2]	26
[496,3]	33
[497,1]	27
[497,2]	38
[497,3]	27
[498,1]	24
[498,2]	25
[498,3]	24
[499,1]	17
[499,2]	25
[499,3]	24
[500,1]	23
[500,2]	21
[500,3]	19
