[1,100]	25
[1,101]	16
[1,102]	24
[1,103]	27
[1,104]	31
[1,105]	28
[1,106]	37
[1,107]	26
[1,108]	27
[1,109]	31
[1,110]	25
[1,111]	32
[1,112]	18
[1,113]	23
[1,114]	31
[1,115]	21
[1,116]	31
[1,117]	21
[1,118]	26
[1,119]	23
[1,120]	25
[1,121]	23
[1,122]	18
[1,123]	22
[1,124]	34
[1,125]	28
[1,126]	23
[1,127]	25
[1,128]	27
[1,129]	24
[1,130]	22
[1,131]	25
[1,132]	17
[1,133]	30
[1,134]	20
[1,135]	28
[1,136]	27
[1,137]	25
[1,138]	23
[1,139]	28
[1,140]	21
[1,141]	29
[1,142]	34
[1,143]	22
[1,144]	32
[1,145]	28
[1,146]	22
[1,147]	24
[1,148]	34
[1,149]	20
[1,150]	31
[1,151]	30
[1,152]	30
[1,153]	16
[1,154]	37
[1,155]	22
[1,156]	22
[1,157]	18
[1,158]	23
[1,159]	18
[1,160]	31
[1,161]	18
[1,162]	31
[1,163]	26
[1,164]	28
[1,165]	29
[1,166]	26
[1,167]	23
[1,168]	28
[1,169]	30
[1,170]	17
[1,171]	31
[1,172]	27
[1,173]	17
[1,174]	35
[1,175]	30
[1,176]	28
[1,177]	26
[1,178]	19
[1,179]	13
[1,180]	23
[1,181]	29
[1,182]	35
[1,183]	30
[1,184]	36
[1,185]	25
[1,186]	31
[1,187]	19
[1,188]	20
[1,189]	32
[1,190]	29
[1,191]	16
[1,192]	23
[1,193]	16
[1,194]	30
[1,195]	33
[1,196]	22
[1,197]	34
[1,198]	24
[1,199]	25
[1,200]	23
[1,201]	27
[1,202]	32
[1,203]	24
[1,204]	28
[1,205]	26
[1,206]	21
[1,207]	21
[1,208]	25
[1,209]	28
[1,210]	24
[1,211]	35
[1,212]	27
[1,213]	26
[1,214]	37
[1,215]	35
[1,216]	34
[1,217]	27
[1,218]	24
[1,219]	32
[1,220]	18
[1,221]	20
[1,222]	30
[1,223]	33
[1,224]	26
[1,225]	25
[1,226]	31
[1,227]	22
[1,228]	29
[1,229]	20
[1,230]	24
[1,231]	29
[1,232]	22
[1,233]	37
[1,234]	27
[1,235]	20
[1,236]	26
[1,237]	26
[1,238]	29
[1,239]	25
[1,240]	23
[1,241]	24
[1,242]	32
[1,243]	29
[1,244]	31
[1,245]	22
[1,246]	30
[1,247]	22
[1,248]	33
[1,249]	30
[1,250]	28
[1,251]	27
[1,252]	25
[1,253]	28
[1,254]	33
[1,255]	27
[1,256]	32
[1,257]	29
[1,258]	27
[1,259]	20
[1,260]	26
[1,261]	25
[1,262]	22
[1,263]	28
[1,264]	36
[1,265]	24
[1,266]	22
[1,267]	22
[1,268]	32
[1,269]	23
[1,270]	20
[1,271]	27
[1,272]	32
[1,273]	20
[1,274]	24
[1,275]	31
[1,276]	24
[1,277]	12
[1,278]	31
[1,279]	25
[1,280]	29
[1,281]	30
[1,282]	26
[1,283]	17
[1,284]	36
[1,285]	22
[1,286]	20
[1,287]	29
[1,288]	25
[1,289]	25
[1,290]	26
[1,291]	31
[1,292]	39
[1,293]	25
[1,294]	26
[1,295]	25
[1,296]	22
[1,297]	22
[1,298]	20
[1,299]	27
[1,300]	27
[1,301]	31
[1,302]	26
[1,303]	29
[1,304]	27
[1,305]	21
[1,306]	33
[1,307]	32
[1,308]	26
[1,309]	27
[1,310]	32
[1,311]	26
[1,312]	24
[1,313]	18
[1,314]	33
[1,315]	13
[1,316]	17
[1,317]	23
[1,318]	26
[1,319]	16
[1,320]	21
[1,321]	33
[1,322]	25
[1,323]	34
[1,324]	25
[1,325]	29
[1,326]	26
[1,327]	29
[1,328]	26
[1,329]	28
[1,330]	23
[1,331]	25
[1,332]	29
[1,333]	21
[1,334]	31
[1,335]	26
[1,336]	24
[1,337]	32
[1,338]	30
[1,339]	22
[1,340]	19
[1,341]	22
[1,342]	30
[1,343]	29
[1,344]	30
[1,345]	33
[1,346]	25
[1,347]	22
[1,348]	27
[1,349]	21
[1,350]	27
[1,351]	24
[1,352]	17
[1,353]	26
[1,354]	28
[1,355]	32
[1,356]	25
[1,357]	29
[1,358]	26
[1,359]	31
[1,360]	21
[1,361]	33
[1,362]	28
[1,363]	25
[1,364]	30
[1,365]	30
[1,366]	25
[1,367]	31
[1,368]	21
[1,369]	29
[1,370]	33
[1,371]	24
[1,372]	29
[1,373]	23
[1,374]	26
[1,375]	17
[1,376]	27
[1,377]	26
[1,378]	19
[1,379]	22
[1,380]	35
[1,381]	20
[1,382]	29
[1,383]	25
[1,384]	28
[1,385]	24
[1,386]	27
[1,387]	24
[1,388]	17
[1,389]	20
[1,390]	28
[1,391]	26
[1,392]	29
[1,393]	30
[1,394]	25
[1,395]	23
[1,396]	27
[1,397]	29
[1,398]	23
[1,399]	26
[1,400]	26
[1,401]	24
[1,402]	21
[1,403]	27
[1,404]	30
[1,405]	29
[1,406]	28
[1,407]	27
[1,408]	23
[1,409]	33
[1,410]	26
[1,411]	21
[1,412]	22
[1,413]	29
[1,414]	31
[1,415]	22
[1,416]	30
[1,417]	26
[1,418]	18
[1,419]	33
[1,420]	31
[1,421]	30
[1,422]	25
[1,423]	30
[1,424]	25
[1,425]	35
[1,426]	34
[1,427]	19
[1,428]	34
[1,429]	30
[1,430]	28
[1,431]	22
[1,432]	17
[1,433]	27
[1,434]	26
[1,435]	26
[1,436]	22
[1,437]	19
[1,438]	31
[1,439]	31
[1,440]	30
[1,441]	29
[1,442]	24
[1,443]	27
[1,444]	34
[1,445]	27
[1,446]	32
[1,447]	28
[1,448]	18
[1,449]	33
[1,450]	27
[1,451]	30
[1,452]	36
[1,453]	26
[1,454]	30
[1,455]	25
[1,456]	15
[1,457]	34
[1,458]	33
[1,459]	17
[1,460]	23
[1,461]	18
[1,462]	29
[1,463]	21
[1,464]	22
[1,465]	26
[1,466]	34
[1,467]	29
[1,468]	27
[1,469]	29
[1,470]	25
[1,471]	20
[1,472]	23
[1,473]	32
[1,474]	36
[1,475]	29
[1,476]	27
[1,477]	22
[1,478]	27
[1,479]	33
[1,480]	25
[1,481]	25
[1,482]	21
[1,483]	25
[1,484]	31
[1,485]	20
[1,486]	35
[1,487]	26
[1,488]	30
[1,489]	23
[1,490]	26
[1,491]	25
[1,492]	28
[1,493]	28
[1,494]	23
[1,495]	21
[1,496]	21
[1,497]	27
[1,498]	24
[1,499]	17
[1,500]	23
[2,100]	16
[2,101]	29
[2,102]	24
[2,103]	23
[2,104]	23
[2,105]	22
[2,106]	28
[2,107]	24
[2,108]	20
[2,109]	19
[2,110]	24
[2,111]	25
[2,112]	26
[2,113]	28
[2,114]	16
[2,115]	28
[2,116]	33
[2,117]	18
[2,118]	33
[2,119]	28
[2,120]	29
[2,121]	35
[2,122]	25
[2,123]	30
[2,124]	23
[2,125]	23
[2,126]	21
[2,127]	34
[2,128]	28
[2,129]	28
[2,130]	31
[2,131]	19
[2,132]	25
[2,133]	20
[2,134]	29
[2,135]	29
[2,136]	28
[2,137]	29
[2,138]	22
[2,139]	37
[2,140]	32
[2,141]	30
[2,142]	27
[2,143]	24
[2,144]	30
[2,145]	17
[2,146]	22
[2,147]	24
[2,148]	22
[2,149]	35
[2,150]	20
[2,151]	24
[2,152]	25
[2,153]	25
[2,154]	34
[2,155]	20
[2,156]	34
[2,157]	33
[2,158]	37
[2,159]	32
[2,160]	35
[2,161]	25
[2,162]	29
[2,163]	29
[2,164]	35
[2,165]	31
[2,166]	24
[2,167]	20
[2,168]	27
[2,169]	28
[2,170]	32
[2,171]	18
[2,172]	28
[2,173]	28
[2,174]	29
[2,175]	23
[2,176]	23
[2,177]	29
[2,178]	28
[2,179]	25
[2,180]	25
[2,181]	28
[2,182]	30
[2,183]	28
[2,184]	25
[2,185]	33
[2,186]	21
[2,187]	32
[2,188]	26
[2,189]	27
[2,190]	24
[2,191]	34
[2,192]	20
[2,193]	24
[2,194]	32
[2,195]	26
[2,196]	34
[2,197]	20
[2,198]	24
[2,199]	33
[2,200]	18
[2,201]	30
[2,202]	37
[2,203]	24
[2,204]	26
[2,205]	31
[2,206]	29
[2,207]	21
[2,208]	23
[2,209]	20
[2,210]	18
[2,211]	35
[2,212]	26
[2,213]	31
[2,214]	33
[2,215]	19
[2,216]	22
[2,217]	24
[2,218]	37
[2,219]	25
[2,220]	25
[2,221]	24
[2,222]	24
[2,223]	31
[2,224]	20
[2,225]	34
[2,226]	26
[2,227]	25
[2,228]	27
[2,229]	25
[2,230]	23
[2,231]	24
[2,232]	26
[2,233]	22
[2,234]	26
[2,235]	29
[2,236]	25
[2,237]	18
[2,238]	31
[2,239]	18
[2,240]	24
[2,241]	27
[2,242]	24
[2,243]	21
[2,244]	26
[2,245]	24
[2,246]	23
[2,247]	27
[2,248]	24
[2,249]	33
[2,250]	33
[2,251]	30
[2,252]	30
[2,253]	30
[2,254]	33
[2,255]	18
[2,256]	27
[2,257]	29
[2,258]	21
[2,259]	20
[2,260]	26
[2,261]	31
[2,262]	27
[2,263]	30
[2,264]	23
[2,265]	24
[2,266]	29
[2,267]	32
[2,268]	38
[2,269]	22
[2,270]	26
[2,271]	26
[2,272]	27
[2,273]	31
[2,274]	23
[2,275]	24
[2,276]	40
[2,277]	18
[2,278]	37
[2,279]	32
[2,280]	26
[2,281]	26
[2,282]	23
[2,283]	39
[2,284]	24
[2,285]	29
[2,286]	35
[2,287]	29
[2,288]	18
[2,289]	31
[2,290]	34
[2,291]	17
[2,292]	30
[2,293]	30
[2,294]	17
[2,295]	27
[2,296]	33
[2,297]	28
[2,298]	24
[2,299]	33
[2,300]	22
[2,301]	23
[2,302]	26
[2,303]	25
[2,304]	24
[2,305]	24
[2,306]	24
[2,307]	27
[2,308]	29
[2,309]	24
[2,310]	23
[2,311]	33
[2,312]	37
[2,313]	18
[2,314]	23
[2,315]	31
[2,316]	20
[2,317]	32
[2,318]	29
[2,319]	30
[2,320]	26
[2,321]	19
[2,322]	29
[2,323]	18
[2,324]	37
[2,325]	33
[2,326]	25
[2,327]	21
[2,328]	26
[2,329]	23
[2,330]	33
[2,331]	33
[2,332]	26
[2,333]	45
[2,334]	26
[2,335]	28
[2,336]	28
[2,337]	26
[2,338]	26
[2,339]	29
[2,340]	17
[2,341]	32
[2,342]	30
[2,343]	37
[2,344]	24
[2,345]	29
[2,346]	20
[2,347]	25
[2,348]	22
[2,349]	25
[2,350]	27
[2,351]	32
[2,352]	17
[2,353]	25
[2,354]	29
[2,355]	27
[2,356]	24
[2,357]	15
[2,358]	17
[2,359]	28
[2,360]	29
[2,361]	23
[2,362]	28
[2,363]	31
[2,364]	26
[2,365]	23
[2,366]	26
[2,367]	28
[2,368]	31
[2,369]	19
[2,370]	30
[2,371]	26
[2,372]	31
[2,373]	24
[2,374]	30
[2,375]	29
[2,376]	32
[2,377]	26
[2,378]	30
[2,379]	24
[2,380]	33
[2,381]	18
[2,382]	23
[2,383]	25
[2,384]	32
[2,385]	24
[2,386]	27
[2,387]	28
[2,388]	22
[2,389]	27
[2,390]	23
[2,391]	21
[2,392]	29
[2,393]	21
[2,394]	29
[2,395]	21
[2,396]	25
[2,397]	28
[2,398]	25
[2,399]	29
[2,400]	20
[2,401]	18
[2,402]	26
[2,403]	19
[2,404]	26
[2,405]	26
[2,406]	38
[2,407]	24
[2,408]	29
[2,409]	29
[2,410]	23
[2,411]	24
[2,412]	31
[2,413]	24
[2,414]	29
[2,415]	22
[2,416]	17
[2,417]	26
[2,418]	23
[2,419]	27
[2,420]	22
[2,421]	20
[2,422]	29
[2,423]	28
[2,424]	19
[2,425]	31
[2,426]	19
[2,427]	27
[2,428]	26
[2,429]	20
[2,430]	25
[2,431]	28
[2,432]	36
[2,433]	34
[2,434]	27
[2,435]	30
[2,436]	17
[2,437]	22
[2,438]	25
[2,439]	26
[2,440]	28
[2,441]	28
[2,442]	22
[2,443]	32
[2,444]	29
[2,445]	21
[2,446]	16
[2,447]	32
[2,448]	24
[2,449]	24
[2,450]	19
[2,451]	14
[2,452]	19
[2,453]	36
[2,454]	25
[2,455]	25
[2,456]	27
[2,457]	26
[2,458]	28
[2,459]	28
[2,460]	22
[2,461]	31
[2,462]	19
[2,463]	27
[2,464]	28
[2,465]	20
[2,466]	31
[2,467]	44
[2,468]	23
[2,469]	24
[2,470]	27
[2,471]	24
[2,472]	31
[2,473]	23
[2,474]	32
[2,475]	22
[2,476]	19
[2,477]	15
[2,478]	36
[2,479]	23
[2,480]	23
[2,481]	28
[2,482]	21
[2,483]	17
[2,484]	22
[2,485]	19
[2,486]	23
[2,487]	31
[2,488]	28
[2,489]	28
[2,490]	16
[2,491]	24
[2,492]	25
[2,493]	33
[2,494]	26
[2,495]	24
[2,496]	26
[2,497]	38
[2,498]	25
[2,499]	25
[2,500]	21
[3,100]	24
[3,101]	21
[3,102]	24
[3,103]	32
[3,104]	25
[3,105]	24
[3,106]	35
[3,107]	23
[3,108]	22
[3,109]	29
[3,110]	29
[3,111]	35
[3,112]	32
[3,113]	24
[3,114]	25
[3,115]	28
[3,116]	23
[3,117]	28
[3,118]	30
[3,119]	27
[3,120]	33
[3,121]	36
[3,122]	25
[3,123]	22
[3,124]	29
[3,125]	31
[3,126]	20
[3,127]	28
[3,128]	37
[3,129]	29
[3,130]	35
[3,131]	25
[3,132]	25
[3,133]	25
[3,134]	25
[3,135]	24
[3,136]	26
[3,137]	20
[3,138]	28
[3,139]	27
[3,140]	26
[3,141]	26
[3,142]	23
[3,143]	40
[3,144]	23
[3,145]	28
[3,146]	19
[3,147]	20
[3,148]	22
[3,149]	36
[3,150]	29
[3,151]	27
[3,152]	25
[3,153]	34
[3,154]	29
[3,155]	26
[3,156]	22
[3,157]	32
[3,158]	17
[3,159]	29
[3,160]	31
[3,161]	24
[3,162]	29
[3,163]	20
[3,164]	25
[3,165]	35
[3,166]	27
[3,167]	29
[3,168]	31
[3,169]	25
[3,170]	24
[3,171]	30
[3,172]	23
[3,173]	29
[3,174]	33
[3,175]	23
[3,176]	28
[3,177]	28
[3,178]	18
[3,179]	27
[3,180]	31
[3,181]	42
[3,182]	22
[3,183]	26
[3,184]	26
[3,185]	26
[3,186]	26
[3,187]	37
[3,188]	21
[3,189]	33
[3,190]	28
[3,191]	23
[3,192]	23
[3,193]	26
[3,194]	20
[3,195]	24
[3,196]	28
[3,197]	29
[3,198]	28
[3,199]	24
[3,200]	25
[3,201]	22
[3,202]	21
[3,203]	32
[3,204]	29
[3,205]	37
[3,206]	25
[3,207]	21
[3,208]	21
[3,209]	21
[3,210]	21
[3,211]	22
[3,212]	20
[3,213]	26
[3,214]	23
[3,215]	33
[3,216]	30
[3,217]	20
[3,218]	30
[3,219]	27
[3,220]	15
[3,221]	26
[3,222]	21
[3,223]	29
[3,224]	31
[3,225]	31
[3,226]	31
[3,227]	29
[3,228]	31
[3,229]	23
[3,230]	26
[3,231]	23
[3,232]	17
[3,233]	26
[3,234]	26
[3,235]	37
[3,236]	21
[3,237]	25
[3,238]	24
[3,239]	26
[3,240]	26
[3,241]	14
[3,242]	30
[3,243]	23
[3,244]	20
[3,245]	25
[3,246]	25
[3,247]	29
[3,248]	23
[3,249]	32
[3,250]	25
[3,251]	24
[3,252]	36
[3,253]	27
[3,254]	26
[3,255]	23
[3,256]	22
[3,257]	28
[3,258]	33
[3,259]	24
[3,260]	30
[3,261]	25
[3,262]	22
[3,263]	26
[3,264]	19
[3,265]	23
[3,266]	23
[3,267]	25
[3,268]	33
[3,269]	22
[3,270]	23
[3,271]	31
[3,272]	29
[3,273]	33
[3,274]	16
[3,275]	21
[3,276]	26
[3,277]	32
[3,278]	30
[3,279]	20
[3,280]	23
[3,281]	28
[3,282]	22
[3,283]	24
[3,284]	25
[3,285]	31
[3,286]	20
[3,287]	28
[3,288]	26
[3,289]	18
[3,290]	23
[3,291]	19
[3,292]	29
[3,293]	33
[3,294]	24
[3,295]	38
[3,296]	36
[3,297]	26
[3,298]	21
[3,299]	24
[3,300]	25
[3,301]	39
[3,302]	30
[3,303]	18
[3,304]	24
[3,305]	23
[3,306]	28
[3,307]	30
[3,308]	21
[3,309]	26
[3,310]	30
[3,311]	26
[3,312]	23
[3,313]	24
[3,314]	22
[3,315]	26
[3,316]	22
[3,317]	21
[3,318]	21
[3,319]	24
[3,320]	25
[3,321]	21
[3,322]	21
[3,323]	38
[3,324]	22
[3,325]	32
[3,326]	17
[3,327]	31
[3,328]	36
[3,329]	22
[3,330]	30
[3,331]	20
[3,332]	23
[3,333]	29
[3,334]	17
[3,335]	26
[3,336]	28
[3,337]	34
[3,338]	37
[3,339]	29
[3,340]	26
[3,341]	23
[3,342]	28
[3,343]	23
[3,344]	30
[3,345]	36
[3,346]	21
[3,347]	30
[3,348]	26
[3,349]	28
[3,350]	25
[3,351]	16
[3,352]	28
[3,353]	32
[3,354]	28
[3,355]	25
[3,356]	29
[3,357]	32
[3,358]	22
[3,359]	23
[3,360]	34
[3,361]	29
[3,362]	18
[3,363]	22
[3,364]	34
[3,365]	22
[3,366]	30
[3,367]	25
[3,368]	17
[3,369]	23
[3,370]	22
[3,371]	25
[3,372]	29
[3,373]	32
[3,374]	36
[3,375]	31
[3,376]	28
[3,377]	31
[3,378]	25
[3,379]	23
[3,380]	34
[3,381]	24
[3,382]	33
[3,383]	29
[3,384]	24
[3,385]	29
[3,386]	21
[3,387]	26
[3,388]	35
[3,389]	23
[3,390]	18
[3,391]	24
[3,392]	26
[3,393]	30
[3,394]	30
[3,395]	22
[3,396]	31
[3,397]	18
[3,398]	29
[3,399]	32
[3,400]	14
[3,401]	33
[3,402]	28
[3,403]	24
[3,404]	31
[3,405]	23
[3,406]	34
[3,407]	25
[3,408]	29
[3,409]	30
[3,410]	34
[3,411]	36
[3,412]	24
[3,413]	27
[3,414]	24
[3,415]	18
[3,416]	33
[3,417]	21
[3,418]	20
[3,419]	29
[3,420]	28
[3,421]	26
[3,422]	33
[3,423]	23
[3,424]	19
[3,425]	25
[3,426]	34
[3,427]	33
[3,428]	20
[3,429]	29
[3,430]	17
[3,431]	30
[3,432]	34
[3,433]	21
[3,434]	26
[3,435]	21
[3,436]	20
[3,437]	23
[3,438]	21
[3,439]	23
[3,440]	23
[3,441]	21
[3,442]	38
[3,443]	33
[3,444]	29
[3,445]	21
[3,446]	34
[3,447]	33
[3,448]	24
[3,449]	23
[3,450]	29
[3,451]	24
[3,452]	32
[3,453]	26
[3,454]	25
[3,455]	24
[3,456]	22
[3,457]	23
[3,458]	25
[3,459]	24
[3,460]	23
[3,461]	26
[3,462]	21
[3,463]	26
[3,464]	28
[3,465]	33
[3,466]	36
[3,467]	27
[3,468]	23
[3,469]	25
[3,470]	23
[3,471]	21
[3,472]	30
[3,473]	27
[3,474]	27
[3,475]	31
[3,476]	29
[3,477]	30
[3,478]	25
[3,479]	15
[3,480]	22
[3,481]	26
[3,482]	30
[3,483]	25
[3,484]	18
[3,485]	34
[3,486]	19
[3,487]	32
[3,488]	24
[3,489]	20
[3,490]	23
[3,491]	26
[3,492]	20
[3,493]	29
[3,494]	29
[3,495]	12
[3,496]	33
[3,497]	27
[3,498]	24
[3,499]	24
[3,500]	19
