[1,100]	22
[1,101]	15
[1,102]	23
[1,103]	29
[1,104]	32
[1,105]	26
[1,106]	35
[1,107]	14
[1,108]	20
[1,109]	31
[1,110]	20
[1,111]	29
[1,112]	15
[1,113]	23
[1,114]	28
[1,115]	20
[1,116]	27
[1,117]	16
[1,118]	24
[1,119]	22
[1,120]	22
[1,121]	20
[1,122]	16
[1,123]	19
[1,124]	31
[1,125]	23
[1,126]	16
[1,127]	28
[1,128]	26
[1,129]	26
[1,130]	16
[1,131]	19
[1,132]	13
[1,133]	26
[1,134]	14
[1,135]	31
[1,136]	24
[1,137]	22
[1,138]	18
[1,139]	22
[1,140]	20
[1,141]	24
[1,142]	29
[1,143]	21
[1,144]	25
[1,145]	23
[1,146]	20
[1,147]	19
[1,148]	28
[1,149]	15
[1,150]	25
[1,151]	29
[1,152]	25
[1,153]	20
[1,154]	31
[1,155]	20
[1,156]	23
[1,157]	16
[1,158]	23
[1,159]	18
[1,160]	26
[1,161]	20
[1,162]	30
[1,163]	22
[1,164]	22
[1,165]	29
[1,166]	22
[1,167]	19
[1,168]	26
[1,169]	25
[1,170]	16
[1,171]	27
[1,172]	24
[1,173]	18
[1,174]	29
[1,175]	28
[1,176]	25
[1,177]	20
[1,178]	14
[1,179]	16
[1,180]	19
[1,181]	27
[1,182]	31
[1,183]	26
[1,184]	30
[1,185]	27
[1,186]	24
[1,187]	18
[1,188]	19
[1,189]	28
[1,190]	24
[1,191]	18
[1,192]	24
[1,193]	10
[1,194]	27
[1,195]	29
[1,196]	18
[1,197]	30
[1,198]	25
[1,199]	18
[1,200]	22
[1,201]	22
[1,202]	31
[1,203]	21
[1,204]	30
[1,205]	21
[1,206]	20
[1,207]	18
[1,208]	27
[1,209]	27
[1,210]	18
[1,211]	30
[1,212]	26
[1,213]	27
[1,214]	38
[1,215]	30
[1,216]	30
[1,217]	22
[1,218]	32
[1,219]	32
[1,220]	12
[1,221]	20
[1,222]	27
[1,223]	26
[1,224]	24
[1,225]	25
[1,226]	27
[1,227]	19
[1,228]	25
[1,229]	16
[1,230]	21
[1,231]	26
[1,232]	22
[1,233]	29
[1,234]	27
[1,235]	18
[1,236]	24
[1,237]	21
[1,238]	29
[1,239]	23
[1,240]	22
[1,241]	19
[1,242]	30
[1,243]	22
[1,244]	25
[1,245]	24
[1,246]	32
[1,247]	24
[1,248]	29
[1,249]	29
[1,250]	30
[1,251]	28
[1,252]	26
[1,253]	24
[1,254]	30
[1,255]	18
[1,256]	26
[1,257]	27
[1,258]	25
[1,259]	19
[1,260]	26
[1,261]	22
[1,262]	18
[1,263]	23
[1,264]	35
[1,265]	16
[1,266]	19
[1,267]	19
[1,268]	31
[1,269]	19
[1,270]	20
[1,271]	22
[1,272]	22
[1,273]	22
[1,274]	17
[1,275]	28
[1,276]	22
[1,277]	14
[1,278]	29
[1,279]	18
[1,280]	31
[1,281]	21
[1,282]	26
[1,283]	17
[1,284]	34
[1,285]	21
[1,286]	20
[1,287]	23
[1,288]	21
[1,289]	18
[1,290]	24
[1,291]	22
[1,292]	35
[1,293]	22
[1,294]	24
[1,295]	23
[1,296]	22
[1,297]	18
[1,298]	17
[1,299]	20
[1,300]	22
[1,301]	29
[1,302]	26
[1,303]	24
[1,304]	24
[1,305]	14
[1,306]	33
[1,307]	23
[1,308]	26
[1,309]	27
[1,310]	27
[1,311]	30
[1,312]	23
[1,313]	17
[1,314]	30
[1,315]	14
[1,316]	12
[1,317]	21
[1,318]	18
[1,319]	14
[1,320]	20
[1,321]	28
[1,322]	22
[1,323]	29
[1,324]	22
[1,325]	26
[1,326]	27
[1,327]	26
[1,328]	23
[1,329]	25
[1,330]	22
[1,331]	22
[1,332]	19
[1,333]	18
[1,334]	25
[1,335]	24
[1,336]	23
[1,337]	26
[1,338]	25
[1,339]	24
[1,340]	18
[1,341]	21
[1,342]	27
[1,343]	31
[1,344]	26
[1,345]	27
[1,346]	24
[1,347]	21
[1,348]	26
[1,349]	17
[1,350]	23
[1,351]	15
[1,352]	13
[1,353]	25
[1,354]	30
[1,355]	26
[1,356]	23
[1,357]	33
[1,358]	26
[1,359]	28
[1,360]	21
[1,361]	26
[1,362]	26
[1,363]	24
[1,364]	24
[1,365]	26
[1,366]	17
[1,367]	28
[1,368]	19
[1,369]	23
[1,370]	32
[1,371]	22
[1,372]	29
[1,373]	23
[1,374]	23
[1,375]	20
[1,376]	26
[1,377]	22
[1,378]	17
[1,379]	20
[1,380]	29
[1,381]	16
[1,382]	22
[1,383]	27
[1,384]	23
[1,385]	25
[1,386]	25
[1,387]	23
[1,388]	19
[1,389]	18
[1,390]	28
[1,391]	18
[1,392]	27
[1,393]	28
[1,394]	24
[1,395]	24
[1,396]	27
[1,397]	24
[1,398]	26
[1,399]	27
[1,400]	20
[1,401]	27
[1,402]	21
[1,403]	22
[1,404]	27
[1,405]	22
[1,406]	28
[1,407]	23
[1,408]	16
[1,409]	30
[1,410]	26
[1,411]	15
[1,412]	18
[1,413]	26
[1,414]	29
[1,415]	19
[1,416]	25
[1,417]	18
[1,418]	16
[1,419]	23
[1,420]	27
[1,421]	28
[1,422]	21
[1,423]	24
[1,424]	17
[1,425]	30
[1,426]	28
[1,427]	17
[1,428]	27
[1,429]	23
[1,430]	21
[1,431]	20
[1,432]	17
[1,433]	27
[1,434]	23
[1,435]	27
[1,436]	17
[1,437]	19
[1,438]	30
[1,439]	25
[1,440]	27
[1,441]	25
[1,442]	23
[1,443]	22
[1,444]	30
[1,445]	23
[1,446]	28
[1,447]	29
[1,448]	16
[1,449]	29
[1,450]	25
[1,451]	26
[1,452]	37
[1,453]	30
[1,454]	25
[1,455]	20
[1,456]	14
[1,457]	24
[1,458]	31
[1,459]	18
[1,460]	22
[1,461]	15
[1,462]	24
[1,463]	23
[1,464]	25
[1,465]	22
[1,466]	29
[1,467]	25
[1,468]	23
[1,469]	29
[1,470]	20
[1,471]	22
[1,472]	26
[1,473]	26
[1,474]	26
[1,475]	26
[1,476]	21
[1,477]	17
[1,478]	26
[1,479]	29
[1,480]	26
[1,481]	24
[1,482]	16
[1,483]	24
[1,484]	27
[1,485]	19
[1,486]	30
[1,487]	25
[1,488]	28
[1,489]	22
[1,490]	22
[1,491]	21
[1,492]	26
[1,493]	26
[1,494]	23
[1,495]	17
[1,496]	18
[1,497]	24
[1,498]	20
[1,499]	15
[1,500]	18
[2,100]	15
[2,101]	24
[2,102]	19
[2,103]	17
[2,104]	20
[2,105]	23
[2,106]	28
[2,107]	23
[2,108]	20
[2,109]	18
[2,110]	26
[2,111]	25
[2,112]	28
[2,113]	32
[2,114]	12
[2,115]	26
[2,116]	35
[2,117]	21
[2,118]	29
[2,119]	21
[2,120]	34
[2,121]	38
[2,122]	27
[2,123]	29
[2,124]	25
[2,125]	25
[2,126]	20
[2,127]	28
[2,128]	27
[2,129]	29
[2,130]	33
[2,131]	20
[2,132]	24
[2,133]	24
[2,134]	31
[2,135]	24
[2,136]	28
[2,137]	24
[2,138]	22
[2,139]	36
[2,140]	25
[2,141]	30
[2,142]	24
[2,143]	26
[2,144]	28
[2,145]	21
[2,146]	25
[2,147]	28
[2,148]	18
[2,149]	33
[2,150]	20
[2,151]	25
[2,152]	20
[2,153]	21
[2,154]	32
[2,155]	21
[2,156]	32
[2,157]	32
[2,158]	30
[2,159]	27
[2,160]	36
[2,161]	24
[2,162]	25
[2,163]	29
[2,164]	38
[2,165]	31
[2,166]	22
[2,167]	20
[2,168]	27
[2,169]	29
[2,170]	28
[2,171]	18
[2,172]	28
[2,173]	26
[2,174]	29
[2,175]	23
[2,176]	28
[2,177]	26
[2,178]	20
[2,179]	22
[2,180]	23
[2,181]	27
[2,182]	34
[2,183]	27
[2,184]	24
[2,185]	29
[2,186]	26
[2,187]	31
[2,188]	29
[2,189]	27
[2,190]	25
[2,191]	27
[2,192]	17
[2,193]	22
[2,194]	34
[2,195]	22
[2,196]	32
[2,197]	24
[2,198]	21
[2,199]	31
[2,200]	21
[2,201]	23
[2,202]	34
[2,203]	19
[2,204]	22
[2,205]	31
[2,206]	29
[2,207]	19
[2,208]	21
[2,209]	16
[2,210]	21
[2,211]	31
[2,212]	25
[2,213]	28
[2,214]	25
[2,215]	25
[2,216]	24
[2,217]	23
[2,218]	28
[2,219]	21
[2,220]	22
[2,221]	21
[2,222]	24
[2,223]	34
[2,224]	21
[2,225]	30
[2,226]	29
[2,227]	24
[2,228]	29
[2,229]	27
[2,230]	25
[2,231]	24
[2,232]	18
[2,233]	24
[2,234]	29
[2,235]	35
[2,236]	22
[2,237]	16
[2,238]	27
[2,239]	18
[2,240]	22
[2,241]	21
[2,242]	23
[2,243]	19
[2,244]	20
[2,245]	22
[2,246]	19
[2,247]	21
[2,248]	23
[2,249]	31
[2,250]	28
[2,251]	24
[2,252]	28
[2,253]	29
[2,254]	33
[2,255]	20
[2,256]	28
[2,257]	30
[2,258]	16
[2,259]	16
[2,260]	21
[2,261]	36
[2,262]	22
[2,263]	28
[2,264]	19
[2,265]	24
[2,266]	28
[2,267]	28
[2,268]	33
[2,269]	23
[2,270]	30
[2,271]	27
[2,272]	28
[2,273]	28
[2,274]	20
[2,275]	18
[2,276]	40
[2,277]	16
[2,278]	32
[2,279]	31
[2,280]	22
[2,281]	36
[2,282]	20
[2,283]	29
[2,284]	27
[2,285]	20
[2,286]	31
[2,287]	23
[2,288]	22
[2,289]	30
[2,290]	27
[2,291]	20
[2,292]	32
[2,293]	33
[2,294]	17
[2,295]	28
[2,296]	36
[2,297]	27
[2,298]	24
[2,299]	35
[2,300]	26
[2,301]	24
[2,302]	26
[2,303]	22
[2,304]	24
[2,305]	27
[2,306]	23
[2,307]	27
[2,308]	28
[2,309]	27
[2,310]	22
[2,311]	25
[2,312]	36
[2,313]	17
[2,314]	17
[2,315]	30
[2,316]	21
[2,317]	24
[2,318]	33
[2,319]	28
[2,320]	26
[2,321]	21
[2,322]	26
[2,323]	17
[2,324]	29
[2,325]	30
[2,326]	18
[2,327]	22
[2,328]	27
[2,329]	22
[2,330]	26
[2,331]	28
[2,332]	21
[2,333]	37
[2,334]	20
[2,335]	26
[2,336]	21
[2,337]	26
[2,338]	25
[2,339]	26
[2,340]	18
[2,341]	27
[2,342]	29
[2,343]	33
[2,344]	23
[2,345]	26
[2,346]	20
[2,347]	21
[2,348]	19
[2,349]	26
[2,350]	26
[2,351]	36
[2,352]	18
[2,353]	26
[2,354]	25
[2,355]	28
[2,356]	22
[2,357]	14
[2,358]	17
[2,359]	19
[2,360]	26
[2,361]	20
[2,362]	26
[2,363]	27
[2,364]	29
[2,365]	21
[2,366]	25
[2,367]	25
[2,368]	29
[2,369]	23
[2,370]	27
[2,371]	29
[2,372]	30
[2,373]	25
[2,374]	28
[2,375]	27
[2,376]	30
[2,377]	26
[2,378]	30
[2,379]	23
[2,380]	35
[2,381]	22
[2,382]	25
[2,383]	23
[2,384]	31
[2,385]	22
[2,386]	26
[2,387]	27
[2,388]	20
[2,389]	21
[2,390]	12
[2,391]	25
[2,392]	26
[2,393]	20
[2,394]	29
[2,395]	23
[2,396]	23
[2,397]	34
[2,398]	18
[2,399]	28
[2,400]	21
[2,401]	20
[2,402]	26
[2,403]	19
[2,404]	20
[2,405]	26
[2,406]	38
[2,407]	22
[2,408]	28
[2,409]	36
[2,410]	24
[2,411]	23
[2,412]	27
[2,413]	23
[2,414]	27
[2,415]	23
[2,416]	21
[2,417]	25
[2,418]	17
[2,419]	32
[2,420]	27
[2,421]	19
[2,422]	28
[2,423]	29
[2,424]	17
[2,425]	30
[2,426]	27
[2,427]	30
[2,428]	26
[2,429]	20
[2,430]	26
[2,431]	27
[2,432]	37
[2,433]	30
[2,434]	24
[2,435]	26
[2,436]	21
[2,437]	16
[2,438]	21
[2,439]	28
[2,440]	27
[2,441]	26
[2,442]	20
[2,443]	38
[2,444]	22
[2,445]	23
[2,446]	18
[2,447]	26
[2,448]	20
[2,449]	24
[2,450]	20
[2,451]	13
[2,452]	17
[2,453]	30
[2,454]	28
[2,455]	25
[2,456]	24
[2,457]	30
[2,458]	21
[2,459]	25
[2,460]	17
[2,461]	29
[2,462]	18
[2,463]	24
[2,464]	25
[2,465]	24
[2,466]	29
[2,467]	42
[2,468]	27
[2,469]	25
[2,470]	28
[2,471]	20
[2,472]	33
[2,473]	24
[2,474]	28
[2,475]	26
[2,476]	26
[2,477]	16
[2,478]	35
[2,479]	24
[2,480]	19
[2,481]	25
[2,482]	19
[2,483]	18
[2,484]	17
[2,485]	19
[2,486]	24
[2,487]	27
[2,488]	31
[2,489]	24
[2,490]	17
[2,491]	26
[2,492]	22
[2,493]	30
[2,494]	26
[2,495]	23
[2,496]	26
[2,497]	36
[2,498]	27
[2,499]	25
[2,500]	19
[3,100]	28
[3,101]	27
[3,102]	30
[3,103]	36
[3,104]	27
[3,105]	25
[3,106]	37
[3,107]	36
[3,108]	29
[3,109]	30
[3,110]	32
[3,111]	38
[3,112]	33
[3,113]	20
[3,114]	32
[3,115]	31
[3,116]	25
[3,117]	30
[3,118]	36
[3,119]	35
[3,120]	31
[3,121]	36
[3,122]	25
[3,123]	26
[3,124]	30
[3,125]	34
[3,126]	28
[3,127]	31
[3,128]	39
[3,129]	26
[3,130]	39
[3,131]	30
[3,132]	30
[3,133]	25
[3,134]	29
[3,135]	26
[3,136]	29
[3,137]	28
[3,138]	33
[3,139]	34
[3,140]	34
[3,141]	31
[3,142]	31
[3,143]	39
[3,144]	32
[3,145]	29
[3,146]	18
[3,147]	21
[3,148]	32
[3,149]	43
[3,150]	35
[3,151]	27
[3,152]	35
[3,153]	34
[3,154]	37
[3,155]	27
[3,156]	23
[3,157]	35
[3,158]	24
[3,159]	34
[3,160]	35
[3,161]	23
[3,162]	34
[3,163]	24
[3,164]	28
[3,165]	35
[3,166]	33
[3,167]	33
[3,168]	33
[3,169]	29
[3,170]	29
[3,171]	34
[3,172]	26
[3,173]	30
[3,174]	39
[3,175]	25
[3,176]	26
[3,177]	37
[3,178]	31
[3,179]	27
[3,180]	37
[3,181]	45
[3,182]	22
[3,183]	31
[3,184]	33
[3,185]	28
[3,186]	28
[3,187]	39
[3,188]	19
[3,189]	37
[3,190]	32
[3,191]	28
[3,192]	25
[3,193]	34
[3,194]	21
[3,195]	32
[3,196]	34
[3,197]	29
[3,198]	30
[3,199]	33
[3,200]	23
[3,201]	34
[3,202]	25
[3,203]	40
[3,204]	31
[3,205]	42
[3,206]	26
[3,207]	26
[3,208]	21
[3,209]	26
[3,210]	24
[3,211]	31
[3,212]	22
[3,213]	28
[3,214]	30
[3,215]	32
[3,216]	32
[3,217]	26
[3,218]	31
[3,219]	31
[3,220]	24
[3,221]	29
[3,222]	24
[3,223]	33
[3,224]	32
[3,225]	35
[3,226]	32
[3,227]	33
[3,228]	33
[3,229]	25
[3,230]	27
[3,231]	26
[3,232]	25
[3,233]	32
[3,234]	23
[3,235]	33
[3,236]	26
[3,237]	32
[3,238]	28
[3,239]	28
[3,240]	29
[3,241]	25
[3,242]	33
[3,243]	32
[3,244]	32
[3,245]	25
[3,246]	27
[3,247]	33
[3,248]	28
[3,249]	35
[3,250]	28
[3,251]	29
[3,252]	37
[3,253]	32
[3,254]	29
[3,255]	30
[3,256]	27
[3,257]	29
[3,258]	40
[3,259]	29
[3,260]	35
[3,261]	23
[3,262]	31
[3,263]	33
[3,264]	24
[3,265]	31
[3,266]	27
[3,267]	32
[3,268]	39
[3,269]	25
[3,270]	19
[3,271]	35
[3,272]	38
[3,273]	34
[3,274]	26
[3,275]	30
[3,276]	28
[3,277]	32
[3,278]	37
[3,279]	28
[3,280]	25
[3,281]	27
[3,282]	25
[3,283]	34
[3,284]	24
[3,285]	41
[3,286]	24
[3,287]	40
[3,288]	26
[3,289]	26
[3,290]	32
[3,291]	25
[3,292]	31
[3,293]	33
[3,294]	26
[3,295]	39
[3,296]	33
[3,297]	31
[3,298]	24
[3,299]	29
[3,300]	26
[3,301]	40
[3,302]	30
[3,303]	26
[3,304]	27
[3,305]	27
[3,306]	29
[3,307]	39
[3,308]	22
[3,309]	23
[3,310]	36
[3,311]	30
[3,312]	25
[3,313]	26
[3,314]	31
[3,315]	26
[3,316]	26
[3,317]	31
[3,318]	25
[3,319]	28
[3,320]	26
[3,321]	24
[3,322]	27
[3,323]	44
[3,324]	33
[3,325]	38
[3,326]	23
[3,327]	33
[3,328]	38
[3,329]	26
[3,330]	38
[3,331]	28
[3,332]	38
[3,333]	40
[3,334]	29
[3,335]	30
[3,336]	36
[3,337]	40
[3,338]	43
[3,339]	30
[3,340]	26
[3,341]	29
[3,342]	32
[3,343]	25
[3,344]	35
[3,345]	45
[3,346]	22
[3,347]	35
[3,348]	30
[3,349]	31
[3,350]	30
[3,351]	21
[3,352]	31
[3,353]	32
[3,354]	30
[3,355]	30
[3,356]	33
[3,357]	29
[3,358]	22
[3,359]	35
[3,360]	37
[3,361]	39
[3,362]	22
[3,363]	27
[3,364]	37
[3,365]	28
[3,366]	39
[3,367]	31
[3,368]	21
[3,369]	25
[3,370]	26
[3,371]	24
[3,372]	30
[3,373]	31
[3,374]	41
[3,375]	30
[3,376]	31
[3,377]	35
[3,378]	27
[3,379]	26
[3,380]	38
[3,381]	24
[3,382]	38
[3,383]	29
[3,384]	30
[3,385]	30
[3,386]	24
[3,387]	28
[3,388]	35
[3,389]	31
[3,390]	29
[3,391]	28
[3,392]	31
[3,393]	33
[3,394]	31
[3,395]	19
[3,396]	33
[3,397]	17
[3,398]	33
[3,399]	32
[3,400]	19
[3,401]	28
[3,402]	28
[3,403]	29
[3,404]	40
[3,405]	30
[3,406]	34
[3,407]	31
[3,408]	37
[3,409]	26
[3,410]	33
[3,411]	43
[3,412]	32
[3,413]	31
[3,414]	28
[3,415]	20
[3,416]	34
[3,417]	30
[3,418]	28
[3,419]	34
[3,420]	27
[3,421]	29
[3,422]	38
[3,423]	28
[3,424]	29
[3,425]	31
[3,426]	32
[3,427]	32
[3,428]	27
[3,429]	36
[3,430]	23
[3,431]	33
[3,432]	33
[3,433]	25
[3,434]	32
[3,435]	24
[3,436]	21
[3,437]	29
[3,438]	26
[3,439]	27
[3,440]	27
[3,441]	27
[3,442]	41
[3,443]	32
[3,444]	40
[3,445]	23
[3,446]	36
[3,447]	38
[3,448]	30
[3,449]	27
[3,450]	30
[3,451]	29
[3,452]	33
[3,453]	28
[3,454]	27
[3,455]	29
[3,456]	26
[3,457]	29
[3,458]	34
[3,459]	26
[3,460]	29
[3,461]	31
[3,462]	27
[3,463]	27
[3,464]	28
[3,465]	33
[3,466]	43
[3,467]	33
[3,468]	23
[3,469]	24
[3,470]	27
[3,471]	23
[3,472]	25
[3,473]	32
[3,474]	41
[3,475]	30
[3,476]	28
[3,477]	34
[3,478]	27
[3,479]	18
[3,480]	25
[3,481]	30
[3,482]	37
[3,483]	25
[3,484]	27
[3,485]	35
[3,486]	23
[3,487]	37
[3,488]	23
[3,489]	25
[3,490]	26
[3,491]	28
[3,492]	25
[3,493]	34
[3,494]	29
[3,495]	17
[3,496]	36
[3,497]	32
[3,498]	26
[3,499]	26
[3,500]	26
